1
512.5
2250.0
512.5001905214247
1667.0000000000312
522.4999999999994
2250.000003267949
522.5001905214241
1667.0000032679802
532.499999999999
2250.000006535898
532.5001905214236
1667.000006535929
Right edge
542.4999999999984
2250.0000098038468
542.5001905214231
1667.0000098038781
2
512.5
1667.0
512.5000816987241
1417.0000000000134
522.4999999999994
1667.000003267949
522.5000816987235
1417.0000032679625
532.499999999999
1667.000006535898
532.5000816987231
1417.0000065359113
542.4999999999984
1667.000009803847
542.5000816987225
1417.0000098038604
Right edge
552.4999999999978
1667.0000130717958
552.5000816987219
1417.0000130718092
3
512.5
1417.0
512.5002400308515
682.5000000000392
522.4999999999994
1417.000003267949
522.5002400308509
682.5000032679882
532.499999999999
1417.000006535898
532.5002400308505
682.5000065359371
Right edge
542.4999999999984
1417.000009803847
542.5002400308499
682.5000098038861
4
512.5
682.5
512.5000392153876
562.5000000000064
522.4999999999994
682.500003267949
522.500039215387
562.5000032679553
532.499999999999
682.5000065358979
532.5000392153866
562.5000065359043
542.4999999999984
682.5000098038469
542.500039215386
562.5000098038532
Right edge
552.4999999999978
682.5000130717958
552.5000392153854
562.5000130718022
5
512.5
562.5
512.5000408493621
437.5000000000067
522.4999999999994
562.500003267949
522.5000408493615
437.50000326795566
532.499999999999
562.5000065358979
532.5000408493611
437.5000065359046
Right edge
542.4999999999984
562.5000098038469
542.5000408493605
437.50000980385363
6
512.5
437.5
512.5000392153876
317.5000000000064
522.4999999999994
437.50000326794895
522.500039215387
317.5000032679554
532.499999999999
437.5000065358979
532.5000392153866
317.50000653590433
542.4999999999984
437.5000098038469
542.500039215386
317.50000980385335
Right edge
552.4999999999978
437.5000130717959
552.5000392153854
317.5000130718023
7
512.5
317.5
512.5002400308515
-416.9999999999608
522.4999999999994
317.50000326794895
522.5002400308509
-416.9999967320118
532.499999999999
317.5000065358979
532.5002400308505
-416.99999346406287
Right edge
542.4999999999984
317.5000098038469
542.5002400308499
-416.99999019611386
8
512.5
-417.0
512.5000816987241
-666.9999999999866
522.4999999999994
-416.99999673205105
522.5000816987235
-666.9999967320376
532.499999999999
-416.9999934641021
532.5000816987231
-666.9999934640887
542.4999999999984
-416.9999901961531
542.5000816987225
-666.9999901961397
Right edge
552.4999999999978
-416.9999869282041
552.5000816987219
-666.9999869281908
9
512.5
-667.0
512.5001905214247
-1249.9999999999688
522.4999999999994
-666.999996732051
522.5001905214241
-1249.9999967320198
532.499999999999
-666.9999934641021
532.5001905214236
-1249.999993464071
Right edge
542.4999999999984
-666.9999901961531
542.5001905214231
-1249.9999901961219
10
487.5
-1250.0
487.50019052142466
-667.0000000000312
477.5000000000005
-1249.999996732051
477.50019052142517
-666.9999967320822
467.5000000000011
-1249.999993464102
467.50019052142574
-666.9999934641332
Right edge
457.5000000000016
-1249.999990196153
457.50019052142625
-666.9999901961843
11
487.5
-667.0
487.50008169872416
-417.00000000001336
477.5000000000005
-666.999996732051
477.50008169872467
-416.9999967320644
467.5000000000011
-666.9999934641021
467.50008169872524
-416.99999346411545
457.5000000000016
-666.9999901961531
457.50008169872575
-416.99999019616644
Right edge
447.50000000000216
-666.9999869282042
447.5000816987263
-416.9999869282175
12
487.5
-417.0
487.5002400308515
317.4999999999608
477.5000000000005
-416.99999673205105
477.500240030852
317.50000326790973
467.5000000000011
-416.9999934641021
467.5002400308526
317.5000065358587
Right edge
457.5000000000016
-416.9999901961531
457.5002400308531
317.5000098038077
13
487.5
317.5
487.5000392153876
437.4999999999936
477.5000000000005
317.50000326794895
477.5000392153881
437.50000326794253
467.5000000000011
317.5000065358979
467.50003921538865
437.5000065358915
457.5000000000016
317.5000098038469
457.50003921538917
437.5000098038405
Right edge
447.50000000000216
317.5000130717959
447.50003921538973
437.50001307178945
14
487.5
437.5
487.50004084936205
562.4999999999933
477.5000000000005
437.50000326794895
477.50004084936256
562.5000032679422
467.5000000000011
437.5000065358979
467.50004084936313
562.5000065358912
Right edge
457.5000000000016
437.5000098038469
457.50004084936364
562.5000098038402
15
487.5
562.5
487.5000392153876
682.4999999999936
477.5000000000005
562.500003267949
477.5000392153881
682.5000032679426
467.5000000000011
562.5000065358979
467.50003921538865
682.5000065358915
457.5000000000016
562.5000098038469
457.50003921538917
682.5000098038405
Right edge
447.50000000000216
562.5000130717958
447.50003921538973
682.5000130717895
16
487.5
682.5
487.5002400308515
1416.999999999961
477.5000000000005
682.500003267949
477.500240030852
1417.00000326791
467.5000000000011
682.5000065358979
467.5002400308526
1417.0000065358588
Right edge
457.5000000000016
682.5000098038469
457.5002400308531
1417.0000098038079
17
487.5
1417.0
487.50008169872416
1666.9999999999866
477.5000000000005
1417.000003267949
477.50008169872467
1667.0000032679357
467.5000000000011
1417.000006535898
467.50008169872524
1667.0000065358845
457.5000000000016
1417.000009803847
457.50008169872575
1667.0000098038336
Right edge
447.50000000000216
1417.0000130717958
447.5000816987263
1667.0000130717824
18
487.5
1667.0
487.50019052142466
2249.999999999969
477.5000000000005
1667.000003267949
477.50019052142517
2250.000003267918
467.5000000000011
1667.000006535898
467.50019052142574
2250.000006535867
Right edge
457.5000000000016
1667.000009803847
457.50019052142625
2250.000009803816
19
-1250.0
512.5
-667.0
512.5
-1250.0
522.5
-667.0
522.5
-1250.0
532.5
-667.0
532.5
Right edge
-1250.0
542.5
-667.0
542.5
20
-667.0
512.5
-417.0
512.5
-667.0
522.5
-417.0
522.5
-667.0
532.5
-417.0
532.5
-667.0
542.5
-417.0
542.5
Right edge
-667.0
552.5
-417.0
552.5
21
-417.0
512.5
317.5
512.5
-417.0
522.5
317.5
522.5
-417.0
532.5
317.5
532.5
Right edge
-417.0
542.5
317.5
542.5
22
317.5
512.5
437.5
512.5
317.5
522.5
437.5
522.5
317.5
532.5
437.5
532.5
317.5
542.5
437.5
542.5
Right edge
317.5
552.5
437.5
552.5
23
437.5
512.5
562.5
512.5
437.5
522.5
562.5
522.5
437.5
532.5
562.5
532.5
Right edge
437.5
542.5
562.5
542.5
24
562.5
512.5
682.5
512.5
562.5
522.5
682.5
522.5
562.5
532.5
682.5
532.5
562.5
542.5
682.5
542.5
Right edge
562.5
552.5
682.5
552.5
25
682.5
512.5
1417.0
512.5
682.5
522.5
1417.0
522.5
682.5
532.5
1417.0
532.5
Right edge
682.5
542.5
1417.0
542.5
26
1417.0
512.5
1667.0
512.5
1417.0
522.5
1667.0
522.5
1417.0
532.5
1667.0
532.5
1417.0
542.5
1667.0
542.5
Right edge
1417.0
552.5
1667.0
552.5
27
1667.0
512.5
2250.0
512.5
1667.0
522.5
2250.0
522.5
1667.0
532.5
2250.0
532.5
Right edge
1667.0
542.5
2250.0
542.5
28
2250.0
487.5
1667.000000000035
487.50020195715047
2249.999996535898
477.5000000000006
1666.999996535933
477.5002019571511
2249.999993071796
467.5000000000012
1666.9999930718309
467.50020195715166
Right edge
2249.999989607694
457.5000000000018
1666.9999896077288
457.5002019571523
29
1667.0
487.5
1417.000000000015
487.5000866025517
1666.999996535898
477.5000000000006
1416.999996535913
477.5000866025523
1666.9999930717959
467.5000000000012
1416.9999930718109
467.50008660255287
1666.9999896076938
457.5000000000018
1416.9999896077088
457.5000866025535
Right edge
1666.9999861435917
447.5000000000024
1416.9999861436067
447.50008660255406
30
1417.0
487.5
682.500000000044
487.50025443829674
1416.999996535898
477.5000000000006
682.4999965359419
477.50025443829736
1416.9999930717959
467.5000000000012
682.4999930718399
467.50025443829793
Right edge
1416.9999896076938
457.5000000000018
682.4999896077378
457.50025443829855
31
682.5
487.5
562.5000000000072
487.4999584307752
682.5000034641021
477.5000000000006
562.5000034641092
477.49995843077585
682.5000069282041
467.5000000000012
562.5000069282113
467.4999584307764
682.5000103923062
457.5000000000018
562.5000103923134
457.49995843077704
Right edge
682.5000138564083
447.5000000000024
562.5000138564154
447.4999584307776
32
562.5
487.5
437.5000000000075
487.4999566987242
562.5000034641021
477.5000000000006
437.50000346410957
477.4999566987248
562.5000069282041
467.5000000000012
437.50000692821163
467.4999566987254
Right edge
562.5000103923062
457.5000000000018
437.5000103923137
457.499956698726
33
437.5
487.5
317.50000000000716
487.4999584307752
437.50000346410206
477.5000000000006
317.5000034641092
477.49995843077585
437.50000692820413
467.5000000000012
317.5000069282113
467.4999584307764
437.5000103923062
457.5000000000018
317.50001039231336
457.49995843077704
Right edge
437.50001385640826
447.5000000000024
317.5000138564154
447.4999584307776
34
317.5
487.5
-416.999999999956
487.50025443829674
317.49999653589794
477.5000000000006
-417.00000346405807
477.50025443829736
317.49999307179587
467.5000000000012
-417.00000692816013
467.50025443829793
Right edge
317.4999896076938
457.5000000000018
-417.0000103922622
457.50025443829855
35
-417.0
487.5
-666.999999999985
487.5000866025517
-417.00000346410206
477.5000000000006
-667.0000034640871
477.5000866025523
-417.00000692820413
467.5000000000012
-667.0000069281891
467.50008660255287
-417.0000103923062
457.5000000000018
-667.0000103922912
457.5000866025535
Right edge
-417.00001385640826
447.5000000000024
-667.0000138563933
447.50008660255406
36
-667.0
487.5
-1249.999999999965
487.50020195715047
-667.0000034641021
477.5000000000006
-1250.000003464067
477.5002019571511
-667.0000069282041
467.5000000000012
-1250.0000069281691
467.50020195715166
Right edge
-667.0000103923062
457.5000000000018
-1250.0000103922712
457.5002019571523
